geneID	val	stat
2	2	0
4	-0.5	0
9	-0.5	0
10	-0.5	0
11	-0.5	0
12	-0.5	0
13	-0.5	0
14	-0.5	0
15	-0.5	0
16	-0.5	0
17	-0.5	0
18	-0.5	0
19	-0.5	0
20	-0.5	0
21	-0.5	0
23	2	0
29	-0.5	0
50	-0.5	0
81	-0.5	0
91	-0.5	0
93	-0.5	0
94	-0.5	0
95	-0.5	0
96	-0.5	0
97	-0.5	0
98	-0.5	0
99	-0.5	0
100	-0.5	0
101	-0.5	0
102	-0.5	0
103	-0.5	0
104	-0.5	0
105	-0.5	0
159	-0.5	0
164	-0.5	0
167	-0.5	0
177	-0.5	0
178	-0.5	0
179	-0.5	0
180	-0.5	0
218	-0.5	0
220	-0.5	0
221	-0.5	0
231	-0.5	0
237	-0.5	0
241	-0.5	0
245	-0.5	0
246	-0.5	0
247	-0.5	0
248	-0.5	0
249	-0.5	0
250	-0.5	0
251	-0.5	0
252	-0.5	0
260	-0.5	0
262	-0.5	0
263	-0.5	0
265	-0.5	0
266	-0.5	0
267	-0.5	0
268	-0.5	0
273	-0.5	0
274	2	0
275	-0.5	0
276	-0.5	0
277	-0.5	0
278	-0.5	0
279	2	0
282	-0.5	0
285	-0.5	0
286	-0.5	0
287	-0.5	0
288	-0.5	0
289	-0.5	0
290	-0.5	0
291	-0.5	0
292	-0.5	0
293	-0.5	0
296	-0.5	0
298	-0.5	0
299	-0.5	0
307	-0.5	0
308	-0.5	0
309	-0.5	0
310	-0.5	0
311	-0.5	0
312	-0.5	0
313	-0.5	0
314	-0.5	0
315	-0.5	0
316	-0.5	0
317	-0.5	0
318	-0.5	0
319	-0.5	0
320	-0.5	0
321	-0.5	0
322	-0.5	0
323	-0.5	0
353	-0.5	0
354	-0.5	0
358	-0.5	0
361	-0.5	0
369	-0.5	0
370	-0.5	0
372	-0.5	0
373	-0.5	0
374	-0.5	0
375	-0.5	0
377	-0.5	0
378	-0.5	0
379	-0.5	0
380	-0.5	0
383	2	0
385	2	0
386	-0.5	0
389	-0.5	0
398	-0.5	0
399	-0.5	0
400	-0.5	0
401	-0.5	0
402	-0.5	0
403	-0.5	0
404	-0.5	0
405	-0.5	0
423	-0.5	0
427	-0.5	0
428	-0.5	0
429	-0.5	0
430	-0.5	0
431	-0.5	0
432	-0.5	0
433	-0.5	0
434	-0.5	0
435	-0.5	0
436	-0.5	0
437	-0.5	0
438	-0.5	0
439	-0.5	0
440	-0.5	0
441	-0.5	0
442	-0.5	0
443	-0.5	0
444	-0.5	0
445	-0.5	0
446	-0.5	0
447	-0.5	0
448	-0.5	0
449	-0.5	0
450	-0.5	0
451	-0.5	0
458	-0.5	0
461	-0.5	0
462	-0.5	0
463	-0.5	0
464	-0.5	0
465	-0.5	0
466	-0.5	0
467	-0.5	0
468	-0.5	0
469	-0.5	0
482	-0.5	0
507	-0.5	0
553	-0.5	0
555	-0.5	0
558	-0.5	0
561	-0.5	0
562	-0.5	0
564	-0.5	0
565	-0.5	0
567	-0.5	0
569	-0.5	0
570	-0.5	0
572	-0.5	0
573	-0.5	0
576	-0.5	0
589	-0.5	0
592	-0.5	0
594	-0.5	0
595	-0.5	0
596	-0.5	0
597	-0.5	0
598	-0.5	0
599	-0.5	0
600	-0.5	0
601	-0.5	0
602	-0.5	0
603	-0.5	0
604	-0.5	0
605	-0.5	0
606	-0.5	0
607	-0.5	0
608	-0.5	0
609	-0.5	0
610	-0.5	0
611	-0.5	0
612	-0.5	0
613	-0.5	0
616	-0.5	0
617	-0.5	0
619	-0.5	0
621	-0.5	0
623	-0.5	0
625	-0.5	0
627	-0.5	0
629	-0.5	0
631	-0.5	0
632	-0.5	0
633	-0.5	0
634	-0.5	0
635	-0.5	0
637	-0.5	0
640	-0.5	0
642	-0.5	0
644	-0.5	0
645	-0.5	0
646	-0.5	0
647	-0.5	0
649	-0.5	0
651	-0.5	0
652	-0.5	0
653	-0.5	0
655	-0.5	0
657	-0.5	0
659	-0.5	0
661	-0.5	0
662	-0.5	0
663	-0.5	0
664	-0.5	0
665	-0.5	0
667	-0.5	0
668	2	0
669	-0.5	0
670	-0.5	0
671	-0.5	0
672	-0.5	0
673	-0.5	0
674	-0.5	0
675	-0.5	0
676	2	0
677	-0.5	0
678	-0.5	0
681	-0.5	0
682	-0.5	0
683	-0.5	0
684	-0.5	0
692	-0.5	0
693	-0.5	0
695	-0.5	0
696	-0.5	0
697	-0.5	0
698	-0.5	0
699	-0.5	0
700	-0.5	0
701	-0.5	0
702	-0.5	0
703	-0.5	0
704	-0.5	0
705	-0.5	0
706	-0.5	0
707	-0.5	0
708	-0.5	0
709	-0.5	0
710	-0.5	0
711	-0.5	0
712	-0.5	0
713	-0.5	0
715	-0.5	0
716	-0.5	0
717	-0.5	0
718	-0.5	0
719	-0.5	0
723	-0.5	0
724	-0.5	0
725	-0.5	0
726	-0.5	0
727	-0.5	0
728	-0.5	0
729	-0.5	0
730	-0.5	0
731	-0.5	0
732	-0.5	0
733	-0.5	0
734	-0.5	0
735	-0.5	0
736	-0.5	0
741	-0.5	0
742	-0.5	0
743	-0.5	0
770	-0.5	0
772	-0.5	0
775	-0.5	0
776	-0.5	0
778	-0.5	0
780	-0.5	0
783	-0.5	0
785	-0.5	0
787	-0.5	0
789	-0.5	0
790	-0.5	0
793	-0.5	0
794	-0.5	0
797	-0.5	0
799	-0.5	0
800	-0.5	0
801	-0.5	0
803	-0.5	0
805	-0.5	0
807	-0.5	0
808	-0.5	0
809	-0.5	0
811	-0.5	0
815	-0.5	0
816	-0.5	0
820	-0.5	0
821	-0.5	0
822	-0.5	0
824	-0.5	0
826	-0.5	0
831	-0.5	0
832	-0.5	0
833	-0.5	0
834	-0.5	0
835	-0.5	0
836	-0.5	0
837	-0.5	0
839	-0.5	0
840	-0.5	0
841	-0.5	0
842	-0.5	0
